DATA:QUAT_DATA: SEQ:1,S0:[0.5635,0.3577,0.6234,-0.4073],S1:[0.5082,0.4200,0.6091,-0.4407],S2:[0.7018,0.2059,0.6418,-0.2305],S3:[0.5694,0.3514,0.6990,-0.2523],S4:[0.9684,-0.2451,0.0444,0.0140],S5:[0.9130,0.3279,0.2131,0.1156],S6:[0.4096,0.1569,-0.1884,-0.8787],S7:[0.3665,-0.1300,0.5965,-0.7021]
DATA:QUAT_DATA: SEQ:2,S0:[0.5635,0.3577,0.6234,-0.4073],S1:[0.5083,0.4196,0.6093,-0.4407],S2:[0.7018,0.2059,0.6418,-0.2305],S3:[0.5694,0.3514,0.6990,-0.2523],S4:[0.9681,-0.2461,0.0449,0.0141],S5:[0.9131,0.3274,0.2137,0.1156],S6:[0.4100,0.1577,-0.1880,-0.8785],S7:[0.3674,-0.1301,0.5969,-0.7012]
DATA:QUAT_DATA: SEQ:3,S0:[0.5635,0.3577,0.6234,-0.4073],S1:[0.5084,0.4195,0.6096,-0.4405],S2:[0.7018,0.2059,0.6418,-0.2305],S3:[0.5693,0.3516,0.6990,-0.2524],S4:[0.9680,-0.2464,0.0452,0.0148],S5:[0.9133,0.3268,0.2137,0.1158],S6:[0.4100,0.1581,-0.1879,-0.8784],S7:[0.3677,-0.1302,0.5965,-0.7014]
DATA:QUAT_DATA: SEQ:4,S0:[0.5635,0.3577,0.6234,-0.4073],S1:[0.5084,0.4192,0.6100,-0.4402],S2:[0.7018,0.2059,0.6418,-0.2305],S3:[0.5693,0.3516,0.6990,-0.2524],S4:[0.9680,-0.2463,0.0452,0.0161],S5:[0.9135,0.3264,0.2135,0.1162],S6:[0.4100,0.1581,-0.1879,-0.8784],S7:[0.3678,-0.1305,0.5963,-0.7015]
DATA:QUAT_DATA: SEQ:5,S0:[0.5635,0.3577,0.6234,-0.4073],S1:[0.5082,0.4188,0.6105,-0.4399],S2:[0.7018,0.2059,0.6418,-0.2305],S3:[0.5693,0.3515,0.6990,-0.2523],S4:[0.9682,-0.2456,0.0448,0.0168],S5:[0.9135,0.3264,0.2130,0.1169],S6:[0.4102,0.1577,-0.1879,-0.8784],S7:[0.3677,-0.1308,0.5964,-0.7014]LOG:[NODE] [2000-01-01 00:10:49] Command connection closed from ('192.168.4.1', 57247)
DATA:QUAT_DATA: SEQ:6,S0:[0.5635,0.3577,0.6234,-0.4073],S1:[0.5079,0.4183,0.6117,-0.4392],S2:[0.7018,0.2059,0.6418,-0.2305],S3:[0.5694,0.3515,0.6990,-0.2522],S4:[0.9681,-0.2460,0.0435,0.0173],S5:[0.9136,0.3265,0.2122,0.1175],S6:[0.4105,0.1574,-0.1880,-0.8782],S7:[0.3676,-0.1311,0.5963,-0.7015]
DATA:QUAT_DATA: SEQ:7,S0:[0.5635,0.3577,0.6234,-0.4073],S1:[0.5078,0.4177,0.6122,-0.4391],S2:[0.7018,0.2059,0.6418,-0.2305],S3:[0.5693,0.3515,0.6990,-0.2522],S4:[0.9681,-0.2463,0.0423,0.0172],S5:[0.9136,0.3261,0.2120,0.1182],S6:[0.4108,0.1569,-0.1884,-0.8782],S7:[0.3676,-0.1317,0.5961,-0.7016]
DATA:QUAT_DATA: SEQ:8,S0:[0.5635,0.3577,0.6234,-0.4073],S1:[0.5071,0.4167,0.6135,-0.4393],S2:[0.7018,0.2059,0.6418,-0.2305],S3:[0.5694,0.3514,0.6991,-0.2521],S4:[0.9682,-0.2460,0.0418,0.0170],S5:[0.9135,0.3268,0.2116,0.1182],S6:[0.4113,0.1566,-0.1881,-0.8781],S7:[0.3676,-0.1318,0.5960,-0.7016]
DATA:QUAT_DATA: SEQ:9,S0:[0.5635,0.3577,0.6234,-0.4073],S1:[0.5068,0.4153,0.6144,-0.4396],S2:[0.7018,0.2059,0.6418,-0.2305],S3:[0.5694,0.3514,0.6992,-0.2520],S4:[0.9683,-0.2456,0.0417,0.0170],S5:[0.9135,0.3269,0.2116,0.1182],S6:[0.4117,0.1565,-0.1876,-0.8780],S7:[0.3678,-0.1321,0.5972,-0.7004]
DATA:QUAT_DATA: SEQ:10,S0:[0.5635,0.3577,0.6234,-0.4073],S1:[0.5065,0.4138,0.6150,-0.4405],S2:[0.7018,0.2059,0.6418,-0.2305],S3:[0.5694,0.3514,0.6992,-0.2520],S4:[0.9685,-0.2448,0.0418,0.0172],S5:[0.9134,0.3271,0.2115,0.1185],S6:[0.4119,0.1564,-0.1868,-0.8781],S7:[0.3678,-0.1321,0.5974,-0.7003]
DATA:QUAT_DATA: SEQ:11,S0:[0.5635,0.3577,0.6234,-0.4073],S1:[0.5068,0.4128,0.6154,-0.4405],S2:[0.7018,0.2059,0.6418,-0.2305],S3:[0.5695,0.3514,0.6991,-0.2520],S4:[0.9687,-0.2440,0.0419,0.0176],S5:[0.9133,0.3274,0.2114,0.1188],S6:[0.4117,0.1563,-0.1863,-0.8783],S7:[0.3677,-0.1322,0.5976,-0.7001]
DATA:QUAT_DATA: SEQ:12,S0:[0.5635,0.3577,0.6234,-0.4073],S1:[0.5069,0.4120,0.6159,-0.4404],S2:[0.7018,0.2059,0.6418,-0.2305],S3:[0.5695,0.3513,0.6992,-0.2518],S4:[0.9689,-0.2432,0.0414,0.0177],S5:[0.9130,0.3279,0.2110,0.1194],S6:[0.4117,0.1559,-0.1852,-0.8786],S7:[0.3674,-0.1323,0.5980,-0.7000]
DATA:QUAT_DATA: SEQ:13,S0:[0.5635,0.3577,0.6234,-0.4073],S1:[0.5071,0.4116,0.6161,-0.4402],S2:[0.7018,0.2059,0.6418,-0.2305],S3:[0.5695,0.3513,0.6992,-0.2518],S4:[0.9692,-0.2424,0.0406,0.0177],S5:[0.9127,0.3287,0.2109,0.1198],S6:[0.4118,0.1556,-0.1846,-0.8787],S7:[0.3670,-0.1325,0.5993,-0.6990]
DATA:QUAT_DATA: SEQ:14,S0:[0.5635,0.3577,0.6234,-0.4073],S1:[0.5072,0.4115,0.6162,-0.4401],S2:[0.7018,0.2059,0.6418,-0.2306],S3:[0.5695,0.3513,0.6992,-0.2518],S4:[0.9694,-0.2414,0.0399,0.0178],S5:[0.9124,0.3298,0.2104,0.1204],S6:[0.4116,0.1550,-0.1835,-0.8792],S7:[0.3666,-0.1327,0.5998,-0.6987]
DATA:QUAT_DATA: SEQ:15,S0:[0.5635,0.3577,0.6234,-0.4073],S1:[0.5072,0.4115,0.6162,-0.4401],S2:[0.7018,0.2059,0.6418,-0.2306],S3:[0.5695,0.3513,0.6992,-0.2520],S4:[0.9696,-0.2408,0.0394,0.0179],S5:[0.9123,0.3301,0.2103,0.1208],S6:[0.4117,0.1547,-0.1828,-0.8793],S7:[0.3663,-0.1327,0.6003,-0.6985]
DATA:QUAT_DATA: SEQ:16,S0:[0.5635,0.3577,0.6234,-0.4073],S1:[0.5073,0.4114,0.6163,-0.4401],S2:[0.7018,0.2059,0.6418,-0.2306],S3:[0.5695,0.3514,0.6992,-0.2519],S4:[0.9698,-0.2399,0.0392,0.0179],S5:[0.9118,0.3311,0.2105,0.1210],S6:[0.4119,0.1543,-0.1819,-0.8795],S7:[0.3660,-0.1329,0.6015,-0.6976]
DATA:QUAT_DATA: SEQ:17,S0:[0.5635,0.3577,0.6234,-0.4073],S1:[0.5074,0.4112,0.6165,-0.4398],S2:[0.7018,0.2059,0.6418,-0.2305],S3:[0.5694,0.3513,0.6992,-0.2519],S4:[0.9700,-0.2391,0.0394,0.0182],S5:[0.9115,0.3318,0.2106,0.1210],S6:[0.4119,0.1538,-0.1807,-0.8798],S7:[0.3657,-0.1326,0.6025,-0.6969]
DATA:QUAT_DATA: SEQ:18,S0:[0.5634,0.3577,0.6235,-0.4073],S1:[0.5075,0.4111,0.6168,-0.4393],S2:[0.7018,0.2059,0.6418,-0.2306],S3:[0.5693,0.3515,0.6992,-0.2521],S4:[0.9700,-0.2394,0.0395,0.0186],S5:[0.9115,0.3317,0.2108,0.1210],S6:[0.4116,0.1538,-0.1802,-0.8801],S7:[0.3654,-0.1323,0.6030,-0.6967]
DATA:QUAT_DATA: SEQ:19,S0:[0.5634,0.3577,0.6235,-0.4073],S1:[0.5077,0.4108,0.6171,-0.4390],S2:[0.7018,0.2059,0.6418,-0.2307],S3:[0.5688,0.3525,0.6987,-0.2530],S4:[0.9698,-0.2397,0.0397,0.0189],S5:[0.9117,0.3310,0.2112,0.1212],S6:[0.4110,0.1539,-0.1801,-0.8803],S7:[0.3650,-0.1323,0.6031,-0.6968]
DATA:QUAT_DATA: SEQ:20,S0:[0.5634,0.3577,0.6235,-0.4073],S1:[0.5076,0.4108,0.6172,-0.4389],S2:[0.7017,0.2060,0.6418,-0.2307],S3:[0.5684,0.3528,0.6989,-0.2530],S4:[0.9697,-0.2401,0.0399,0.0193],S5:[0.9114,0.3314,0.2116,0.1213],S6:[0.4105,0.1536,-0.1801,-0.8806],S7:[0.3646,-0.1321,0.6030,-0.6971]
DATA:QUAT_DATA: SEQ:21,S0:[0.5634,0.3577,0.6235,-0.4073],S1:[0.5076,0.4108,0.6173,-0.4387],S2:[0.7017,0.2060,0.6418,-0.2307],S3:[0.5683,0.3527,0.6990,-0.2529],S4:[0.9699,-0.2394,0.0402,0.0200],S5:[0.9113,0.3314,0.2119,0.1216],S6:[0.4103,0.1531,-0.1801,-0.8808],S7:[0.3643,-0.1323,0.6033,-0.6970]
DATA:QUAT_DATA: SEQ:22,S0:[0.5633,0.3579,0.6233,-0.4075],S1:[0.5072,0.4112,0.6174,-0.4388],S2:[0.7017,0.2060,0.6418,-0.2307],S3:[0.5683,0.3527,0.6991,-0.2528],S4:[0.9698,-0.2394,0.0404,0.0209],S5:[0.9113,0.3314,0.2120,0.1218],S6:[0.4102,0.1525,-0.1801,-0.8809],S7:[0.3641,-0.1323,0.6035,-0.6969]
DATA:QUAT_DATA: SEQ:23,S0:[0.5633,0.3579,0.6233,-0.4075],S1:[0.5072,0.4112,0.6174,-0.4388],S2:[0.7017,0.2061,0.6418,-0.2307],S3:[0.5679,0.3532,0.6990,-0.2534],S4:[0.9698,-0.2393,0.0405,0.0212],S5:[0.9114,0.3310,0.2119,0.1218],S6:[0.4102,0.1519,-0.1801,-0.8810],S7:[0.3638,-0.1322,0.6047,-0.6960]
DATA:QUAT_DATA: SEQ:24,S0:[0.5633,0.3579,0.6233,-0.4075],S1:[0.5070,0.4113,0.6175,-0.4387],S2:[0.7018,0.2061,0.6417,-0.2308],S3:[0.5676,0.3533,0.6993,-0.2531],S4:[0.9698,-0.2393,0.0404,0.0209],S5:[0.9114,0.3311,0.2120,0.1218],S6:[0.4098,0.1519,-0.1801,-0.8812],S7:[0.3635,-0.1318,0.6055,-0.6957]
DATA:QUAT_DATA: SEQ:25,S0:[0.5633,0.3579,0.6233,-0.4075],S1:[0.5070,0.4113,0.6176,-0.4386],S2:[0.7019,0.2061,0.6415,-0.2308],S3:[0.5671,0.3533,0.6998,-0.2527],S4:[0.9699,-0.2392,0.0400,0.0208],S5:[0.9110,0.3318,0.2123,0.1219],S6:[0.4086,0.1522,-0.1801,-0.8817],S7:[0.3632,-0.1313,0.6046,-0.6966]
DATA:QUAT_DATA: SEQ:26,S0:[0.5632,0.3580,0.6234,-0.4075],S1:[0.5073,0.4109,0.6180,-0.4380],S2:[0.7019,0.2061,0.6415,-0.2308],S3:[0.5671,0.3533,0.6998,-0.2527],S4:[0.9699,-0.2392,0.0400,0.0209],S5:[0.9109,0.3318,0.2125,0.1224],S6:[0.4075,0.1525,-0.1799,-0.8823],S7:[0.3632,-0.1310,0.6039,-0.6973]
DATA:QUAT_DATA: SEQ:27,S0:[0.5631,0.3580,0.6235,-0.4074],S1:[0.5074,0.4108,0.6180,-0.4380],S2:[0.7019,0.2061,0.6415,-0.2308],S3:[0.5673,0.3529,0.7000,-0.2524],S4:[0.9699,-0.2392,0.0402,0.0219],S5:[0.9108,0.3318,0.2127,0.1226],S6:[0.4073,0.1523,-0.1794,-0.8824],S7:[0.3630,-0.1309,0.6045,-0.6969]
DATA:QUAT_DATA: SEQ:28,S0:[0.5631,0.3580,0.6235,-0.4074],S1:[0.5074,0.4108,0.6180,-0.4380],S2:[0.7019,0.2061,0.6415,-0.2308],S3:[0.5674,0.3524,0.7001,-0.2521],S4:[0.9700,-0.2388,0.0408,0.0229],S5:[0.9106,0.3320,0.2133,0.1227],S6:[0.4074,0.1522,-0.1791,-0.8825],S7:[0.3630,-0.1310,0.6054,-0.6961]
DATA:QUAT_DATA: SEQ:29,S0:[0.5631,0.3580,0.6235,-0.4074],S1:[0.5074,0.4108,0.6180,-0.4380],S2:[0.7019,0.2061,0.6415,-0.2308],S3:[0.5674,0.3524,0.7002,-0.2521],S4:[0.9700,-0.2386,0.0414,0.0233],S5:[0.9103,0.3325,0.2137,0.1227],S6:[0.4078,0.1519,-0.1785,-0.8825],S7:[0.3627,-0.1308,0.6063,-0.6956]
DATA:QUAT_DATA: SEQ:30,S0:[0.5631,0.3580,0.6235,-0.4074],S1:[0.5075,0.4107,0.6180,-0.4379],S2:[0.7019,0.2061,0.6415,-0.2308],S3:[0.5673,0.3527,0.7001,-0.2524],S4:[0.9699,-0.2386,0.0419,0.0234],S5:[0.9103,0.3326,0.2139,0.1227],S6:[0.4075,0.1521,-0.1776,-0.8828],S7:[0.3627,-0.1311,0.6073,-0.6946]
DATA:QUAT_DATA: SEQ:31,S0:[0.5631,0.3580,0.6235,-0.4074],S1:[0.5075,0.4107,0.6180,-0.4379],S2:[0.7019,0.2061,0.6415,-0.2308],S3:[0.5673,0.3527,0.7000,-0.2525],S4:[0.9698,-0.2390,0.0421,0.0231],S5:[0.9103,0.3324,0.2142,0.1222],S6:[0.4071,0.1521,-0.1773,-0.8830],S7:[0.3629,-0.1313,0.6068,-0.6949]
DATA:QUAT_DATA: SEQ:32,S0:[0.5631,0.3580,0.6235,-0.4074],S1:[0.5074,0.4108,0.6179,-0.4380],S2:[0.7018,0.2062,0.6415,-0.2310],S3:[0.5673,0.3527,0.7000,-0.2526],S4:[0.9698,-0.2388,0.0428,0.0226],S5:[0.9101,0.3329,0.2147,0.1215],S6:[0.4075,0.1520,-0.1772,-0.8829],S7:[0.3627,-0.1315,0.6065,-0.6952]
DATA:QUAT_DATA: SEQ:33,S0:[0.5631,0.3580,0.6235,-0.4074],S1:[0.5073,0.4110,0.6176,-0.4385],S2:[0.7018,0.2064,0.6415,-0.2311],S3:[0.5673,0.3527,0.7000,-0.2526],S4:[0.9697,-0.2393,0.0432,0.0225],S5:[0.9101,0.3330,0.2149,0.1208],S6:[0.4079,0.1518,-0.1775,-0.8826],S7:[0.3629,-0.1321,0.6072,-0.6943]
DATA:QUAT_DATA: SEQ:34,S0:[0.5631,0.3580,0.6235,-0.4074],S1:[0.5071,0.4112,0.6175,-0.4386],S2:[0.7017,0.2065,0.6414,-0.2313],S3:[0.5672,0.3530,0.6999,-0.2529],S4:[0.9696,-0.2396,0.0436,0.0224],S5:[0.9104,0.3323,0.2150,0.1205],S6:[0.4083,0.1517,-0.1776,-0.8824],S7:[0.3629,-0.1321,0.6066,-0.6949]
DATA:QUAT_DATA: SEQ:35,S0:[0.5631,0.3580,0.6235,-0.4074],S1:[0.5071,0.4112,0.6175,-0.4386],S2:[0.7017,0.2066,0.6414,-0.2313],S3:[0.5672,0.3530,0.6998,-0.2531],S4:[0.9695,-0.2402,0.0440,0.0223],S5:[0.9105,0.3322,0.2151,0.1201],S6:[0.4081,0.1518,-0.1779,-0.8824],S7:[0.3627,-0.1320,0.6063,-0.6953]
DATA:QUAT_DATA: SEQ:36,S0:[0.5631,0.3580,0.6235,-0.4074],S1:[0.5070,0.4114,0.6174,-0.4388],S2:[0.7017,0.2066,0.6414,-0.2313],S3:[0.5673,0.3529,0.6998,-0.2529],S4:[0.9694,-0.2407,0.0443,0.0223],S5:[0.9106,0.3318,0.2153,0.1200],S6:[0.4076,0.1520,-0.1781,-0.8826],S7:[0.3628,-0.1319,0.6061,-0.6954]
DATA:QUAT_DATA: SEQ:37,S0:[0.5631,0.3580,0.6235,-0.4074],S1:[0.5070,0.4114,0.6172,-0.4390],S2:[0.7017,0.2066,0.6414,-0.2313],S3:[0.5671,0.3531,0.6997,-0.2531],S4:[0.9693,-0.2407,0.0443,0.0223],S5:[0.9105,0.3320,0.2153,0.1199],S6:[0.4070,0.1522,-0.1782,-0.8828],S7:[0.3627,-0.1314,0.6056,-0.6960]
DATA:QUAT_DATA: SEQ:38,S0:[0.5631,0.3580,0.6235,-0.4074],S1:[0.5071,0.4113,0.6172,-0.4390],S2:[0.7017,0.2066,0.6414,-0.2313],S3:[0.5671,0.3531,0.6996,-0.2532],S4:[0.9692,-0.2410,0.0443,0.0223],S5:[0.9107,0.3315,0.2152,0.1201],S6:[0.4065,0.1523,-0.1782,-0.8831],S7:[0.3629,-0.1315,0.6063,-0.6954]
DATA:QUAT_DATA: SEQ:39,S0:[0.5629,0.3581,0.6237,-0.4073],S1:[0.5074,0.4111,0.6169,-0.4393],S2:[0.7017,0.2066,0.6414,-0.2313],S3:[0.5670,0.3533,0.6995,-0.2535],S4:[0.9692,-0.2412,0.0443,0.0223],S5:[0.9108,0.3314,0.2151,0.1201],S6:[0.4058,0.1526,-0.1782,-0.8834],S7:[0.3629,-0.1314,0.6061,-0.6955]
DATA:QUAT_DATA: SEQ:40,S0:[0.5629,0.3581,0.6237,-0.4073],S1:[0.5074,0.4111,0.6168,-0.4393],S2:[0.7017,0.2066,0.6414,-0.2313],S3:[0.5664,0.3555,0.6982,-0.2553],S4:[0.9691,-0.2417,0.0443,0.0224],S5:[0.9109,0.3311,0.2150,0.1201],S6:[0.4053,0.1526,-0.1781,-0.8835],S7:[0.3626,-0.1311,0.6062,-0.6956]
DATA:QUAT_DATA: SEQ:41,S0:[0.5629,0.3581,0.6237,-0.4073],S1:[0.5076,0.4109,0.6168,-0.4394],S2:[0.7017,0.2066,0.6414,-0.2313],S3:[0.5667,0.3556,0.6979,-0.2557],S4:[0.9691,-0.2416,0.0443,0.0224],S5:[0.9109,0.3311,0.2148,0.1200],S6:[0.4048,0.1528,-0.1783,-0.8837],S7:[0.3627,-0.1310,0.6060,-0.6957]
DATA:QUAT_DATA: SEQ:42,S0:[0.5629,0.3581,0.6237,-0.4073],S1:[0.5078,0.4108,0.6166,-0.4395],S2:[0.7017,0.2066,0.6414,-0.2313],S3:[0.5665,0.3564,0.6974,-0.2564],S4:[0.9689,-0.2426,0.0441,0.0223],S5:[0.9113,0.3304,0.2143,0.1199],S6:[0.4046,0.1531,-0.1786,-0.8837],S7:[0.3629,-0.1307,0.6051,-0.6965]
DATA:QUAT_DATA: SEQ:43,S0:[0.5629,0.3581,0.6237,-0.4073],S1:[0.5078,0.4109,0.6163,-0.4398],S2:[0.7017,0.2067,0.6414,-0.2314],S3:[0.5665,0.3567,0.6970,-0.2570],S4:[0.9688,-0.2430,0.0438,0.0215],S5:[0.9115,0.3300,0.2142,0.1200],S6:[0.4048,0.1531,-0.1790,-0.8835],S7:[0.3629,-0.1306,0.6050,-0.6966]
DATA:QUAT_DATA: SEQ:44,S0:[0.5629,0.3581,0.6237,-0.4073],S1:[0.5081,0.4108,0.6159,-0.4402],S2:[0.7017,0.2068,0.6414,-0.2315],S3:[0.5665,0.3575,0.6962,-0.2580],S4:[0.9686,-0.2439,0.0433,0.0206],S5:[0.9116,0.3301,0.2139,0.1197],S6:[0.4053,0.1532,-0.1794,-0.8832],S7:[0.3630,-0.1306,0.6051,-0.6964]
DATA:QUAT_DATA: SEQ:45,S0:[0.5627,0.3582,0.6239,-0.4071],S1:[0.5087,0.4103,0.6154,-0.4406],S2:[0.7016,0.2069,0.6414,-0.2316],S3:[0.5667,0.3581,0.6955,-0.2588],S4:[0.9686,-0.2441,0.0431,0.0202],S5:[0.9118,0.3297,0.2136,0.1198],S6:[0.4053,0.1535,-0.1801,-0.8831],S7:[0.3632,-0.1302,0.6044,-0.6970]
DATA:QUAT_DATA: SEQ:46,S0:[0.5627,0.3582,0.6240,-0.4070],S1:[0.5090,0.4102,0.6151,-0.4409],S2:[0.7016,0.2069,0.6414,-0.2316],S3:[0.5668,0.3588,0.6947,-0.2596],S4:[0.9686,-0.2441,0.0430,0.0204],S5:[0.9122,0.3290,0.2130,0.1197],S6:[0.4050,0.1539,-0.1804,-0.8831],S7:[0.3633,-0.1298,0.6036,-0.6978]
DATA:QUAT_DATA: SEQ:47,S0:[0.5628,0.3581,0.6240,-0.4070],S1:[0.5096,0.4096,0.6150,-0.4409],S2:[0.7016,0.2069,0.6414,-0.2316],S3:[0.5668,0.3593,0.6942,-0.2604],S4:[0.9684,-0.2449,0.0425,0.0206],S5:[0.9125,0.3282,0.2128,0.1199],S6:[0.4046,0.1542,-0.1807,-0.8831],S7:[0.3636,-0.1296,0.6037,-0.6975]
DATA:QUAT_DATA: SEQ:48,S0:[0.5629,0.3580,0.6241,-0.4068],S1:[0.5101,0.4092,0.6146,-0.4411],S2:[0.7015,0.2070,0.6414,-0.2316],S3:[0.5669,0.3599,0.6934,-0.2613],S4:[0.9684,-0.2447,0.0424,0.0205],S5:[0.9125,0.3283,0.2123,0.1198],S6:[0.4041,0.1547,-0.1810,-0.8832],S7:[0.3639,-0.1292,0.6028,-0.6982]
DATA:QUAT_DATA: SEQ:49,S0:[0.5629,0.3580,0.6241,-0.4068],S1:[0.5106,0.4089,0.6142,-0.4415],S2:[0.7015,0.2070,0.6414,-0.2316],S3:[0.5668,0.3602,0.6931,-0.2619],S4:[0.9685,-0.2446,0.0422,0.0205],S5:[0.9125,0.3284,0.2122,0.1198],S6:[0.4036,0.1553,-0.1805,-0.8834],S7:[0.3643,-0.1288,0.6029,-0.6980]
DATA:QUAT_DATA: SEQ:50,S0:[0.5628,0.3580,0.6242,-0.4068],S1:[0.5107,0.4089,0.6135,-0.4422],S2:[0.7015,0.2070,0.6414,-0.2317],S3:[0.5670,0.3604,0.6927,-0.2623],S4:[0.9687,-0.2438,0.0422,0.0206],S5:[0.9125,0.3286,0.2120,0.1199],S6:[0.4035,0.1558,-0.1796,-0.8835],S7:[0.3646,-0.1287,0.6033,-0.6976]
DATA:QUAT_DATA: SEQ:51,S0:[0.5628,0.3580,0.6242,-0.4068],S1:[0.5114,0.4084,0.6134,-0.4422],S2:[0.7015,0.2070,0.6414,-0.2317],S3:[0.5669,0.3613,0.6918,-0.2637],S4:[0.9688,-0.2433,0.0420,0.0206],S5:[0.9125,0.3289,0.2118,0.1200],S6:[0.4036,0.1558,-0.1793,-0.8836],S7:[0.3646,-0.1288,0.6039,-0.6970]
DATA:QUAT_DATA: SEQ:52,S0:[0.5629,0.3580,0.6242,-0.4067],S1:[0.5116,0.4084,0.6133,-0.4420],S2:[0.7015,0.2070,0.6414,-0.2317],S3:[0.5671,0.3615,0.6912,-0.2643],S4:[0.9689,-0.2429,0.0419,0.0206],S5:[0.9124,0.3290,0.2117,0.1202],S6:[0.4037,0.1556,-0.1791,-0.8835],S7:[0.3646,-0.1290,0.6044,-0.6966]
DATA:QUAT_DATA: SEQ:53,S0:[0.5629,0.3578,0.6243,-0.4066],S1:[0.5121,0.4086,0.6131,-0.4415],S2:[0.7017,0.2067,0.6414,-0.2314],S3:[0.5670,0.3625,0.6904,-0.2654],S4:[0.9691,-0.2424,0.0419,0.0206],S5:[0.9124,0.3290,0.2117,0.1202],S6:[0.4037,0.1555,-0.1791,-0.8836],S7:[0.3646,-0.1291,0.6043,-0.6966]
DATA:QUAT_DATA: SEQ:54,S0:[0.5630,0.3577,0.6244,-0.4065],S1:[0.5124,0.4084,0.6132,-0.4412],S2:[0.7018,0.2065,0.6414,-0.2313],S3:[0.5670,0.3627,0.6904,-0.2653],S4:[0.9691,-0.2421,0.0419,0.0206],S5:[0.9122,0.3295,0.2118,0.1202],S6:[0.4038,0.1554,-0.1788,-0.8837],S7:[0.3645,-0.1290,0.6039,-0.6970]
DATA:QUAT_DATA: SEQ:55,S0:[0.5630,0.3577,0.6245,-0.4064],S1:[0.5126,0.4082,0.6134,-0.4409],S2:[0.7018,0.2064,0.6414,-0.2311],S3:[0.5670,0.3628,0.6903,-0.2654],S4:[0.9691,-0.2421,0.0419,0.0206],S5:[0.9122,0.3295,0.2118,0.1202],S6:[0.4040,0.1552,-0.1786,-0.8837],S7:[0.3647,-0.1297,0.6050,-0.6959]
DATA:QUAT_DATA: SEQ:56,S0:[0.5630,0.3576,0.6245,-0.4064],S1:[0.5125,0.4083,0.6133,-0.4409],S2:[0.7019,0.2063,0.6414,-0.2311],S3:[0.5670,0.3625,0.6906,-0.2650],S4:[0.9692,-0.2418,0.0419,0.0206],S5:[0.9122,0.3297,0.2118,0.1201],S6:[0.4044,0.1552,-0.1785,-0.8835],S7:[0.3647,-0.1296,0.6047,-0.6960]
DATA:QUAT_DATA: SEQ:57,S0:[0.5630,0.3576,0.6245,-0.4064],S1:[0.5126,0.4082,0.6134,-0.4409],S2:[0.7020,0.2063,0.6414,-0.2311],S3:[0.5670,0.3626,0.6906,-0.2650],S4:[0.9693,-0.2415,0.0419,0.0209],S5:[0.9121,0.3296,0.2119,0.1204],S6:[0.4044,0.1552,-0.1785,-0.8835],S7:[0.3647,-0.1298,0.6050,-0.6957]
DATA:QUAT_DATA: SEQ:58,S0:[0.5630,0.3576,0.6245,-0.4064],S1:[0.5125,0.4083,0.6133,-0.4410],S2:[0.7020,0.2063,0.6414,-0.2311],S3:[0.5668,0.3626,0.6907,-0.2648],S4:[0.9693,-0.2413,0.0417,0.0214],S5:[0.9121,0.3297,0.2117,0.1207],S6:[0.4044,0.1550,-0.1782,-0.8836],S7:[0.3646,-0.1298,0.6053,-0.6956]
DATA:QUAT_DATA: SEQ:59,S0:[0.5630,0.3576,0.6245,-0.4064],S1:[0.5127,0.4081,0.6135,-0.4407],S2:[0.7021,0.2062,0.6412,-0.2312],S3:[0.5667,0.3626,0.6909,-0.2646],S4:[0.9693,-0.2413,0.0414,0.0219],S5:[0.9121,0.3295,0.2115,0.1212],S6:[0.4042,0.1545,-0.1783,-0.8837],S7:[0.3644,-0.1300,0.6053,-0.6957]
DATA:QUAT_DATA: SEQ:60,S0:[0.5630,0.3576,0.6245,-0.4064],S1:[0.5126,0.4081,0.6136,-0.4406],S2:[0.7021,0.2061,0.6412,-0.2311],S3:[0.5667,0.3627,0.6909,-0.2647],S4:[0.9694,-0.2412,0.0411,0.0224],S5:[0.9120,0.3296,0.2115,0.1217],S6:[0.4038,0.1542,-0.1785,-0.8839],S7:[0.3641,-0.1301,0.6051,-0.6959]
DATA:QUAT_DATA: SEQ:61,S0:[0.5630,0.3576,0.6245,-0.4064],S1:[0.5128,0.4080,0.6138,-0.4404],S2:[0.7021,0.2061,0.6412,-0.2311],S3:[0.5667,0.3626,0.6909,-0.2646],S4:[0.9694,-0.2410,0.0411,0.0226],S5:[0.9120,0.3297,0.2115,0.1218],S6:[0.4036,0.1542,-0.1784,-0.8840],S7:[0.3641,-0.1300,0.6050,-0.6961]
DATA:QUAT_DATA: SEQ:62,S0:[0.5630,0.3576,0.6245,-0.4064],S1:[0.5128,0.4078,0.6138,-0.4403],S2:[0.7021,0.2061,0.6412,-0.2311],S3:[0.5668,0.3624,0.6910,-0.2644],S4:[0.9694,-0.2408,0.0411,0.0225],S5:[0.9119,0.3300,0.2115,0.1218],S6:[0.4037,0.1541,-0.1781,-0.8841],S7:[0.3641,-0.1301,0.6052,-0.6959]
DATA:QUAT_DATA: SEQ:63,S0:[0.5630,0.3576,0.6245,-0.4064],S1:[0.5128,0.4079,0.6138,-0.4403],S2:[0.7021,0.2061,0.6412,-0.2311],S3:[0.5667,0.3626,0.6909,-0.2646],S4:[0.9694,-0.2409,0.0412,0.0225],S5:[0.9117,0.3306,0.2117,0.1216],S6:[0.4037,0.1541,-0.1778,-0.8841],S7:[0.3642,-0.1301,0.6057,-0.6954]
DATA:QUAT_DATA: SEQ:64,S0:[0.5630,0.3576,0.6245,-0.4064],S1:[0.5128,0.4079,0.6138,-0.4404],S2:[0.7021,0.2061,0.6412,-0.2311],S3:[0.5668,0.3625,0.6910,-0.2643],S4:[0.9695,-0.2405,0.0416,0.0225],S5:[0.9116,0.3306,0.2118,0.1216],S6:[0.4039,0.1541,-0.1772,-0.8842],S7:[0.3642,-0.1302,0.6058,-0.6953]
DATA:QUAT_DATA: SEQ:65,S0:[0.5630,0.3576,0.6245,-0.4064],S1:[0.5128,0.4079,0.6138,-0.4404],S2:[0.7021,0.2061,0.6412,-0.2311],S3:[0.5667,0.3627,0.6909,-0.2646],S4:[0.9695,-0.2404,0.0419,0.0225],S5:[0.9116,0.3308,0.2119,0.1215],S6:[0.4039,0.1539,-0.1765,-0.8843],S7:[0.3642,-0.1302,0.6061,-0.6950]
DATA:QUAT_DATA: SEQ:66,S0:[0.5630,0.3576,0.6245,-0.4064],S1:[0.5128,0.4079,0.6138,-0.4404],S2:[0.7021,0.2061,0.6412,-0.2311],S3:[0.5667,0.3627,0.6909,-0.2646],S4:[0.9697,-0.2398,0.0423,0.0223],S5:[0.9113,0.3314,0.2122,0.1214],S6:[0.4039,0.1537,-0.1760,-0.8845],S7:[0.3641,-0.1305,0.6068,-0.6945]
DATA:QUAT_DATA: SEQ:67,S0:[0.5631,0.3576,0.6244,-0.4064],S1:[0.5128,0.4078,0.6140,-0.4401],S2:[0.7021,0.2061,0.6412,-0.2311],S3:[0.5665,0.3627,0.6910,-0.2645],S4:[0.9701,-0.2379,0.0427,0.0221],S5:[0.9113,0.3315,0.2120,0.1216],S6:[0.4039,0.1531,-0.1758,-0.8846],S7:[0.3636,-0.1310,0.6068,-0.6946]
DATA:QUAT_DATA: SEQ:68,S0:[0.5632,0.3576,0.6243,-0.4065],S1:[0.5125,0.4080,0.6142,-0.4400],S2:[0.7021,0.2061,0.6412,-0.2311],S3:[0.5663,0.3628,0.6913,-0.2643],S4:[0.9701,-0.2380,0.0419,0.0225],S5:[0.9113,0.3318,0.2115,0.1218],S6:[0.4038,0.1520,-0.1759,-0.8848],S7:[0.3630,-0.1315,0.6069,-0.6948]
DATA:QUAT_DATA: SEQ:69,S0:[0.5632,0.3576,0.6243,-0.4065],S1:[0.5125,0.4080,0.6142,-0.4400],S2:[0.7021,0.2061,0.6412,-0.2311],S3:[0.5661,0.3631,0.6912,-0.2646],S4:[0.9702,-0.2378,0.0414,0.0222],S5:[0.9111,0.3320,0.2114,0.1221],S6:[0.4037,0.1508,-0.1764,-0.8850],S7:[0.3623,-0.1320,0.6075,-0.6945]
DATA:QUAT_DATA: SEQ:70,S0:[0.5632,0.3576,0.6243,-0.4065],S1:[0.5125,0.4080,0.6142,-0.4400],S2:[0.7021,0.2061,0.6412,-0.2311],S3:[0.5662,0.3629,0.6912,-0.2645],S4:[0.9702,-0.2376,0.0416,0.0220],S5:[0.9109,0.3328,0.2115,0.1217],S6:[0.4034,0.1505,-0.1761,-0.8852],S7:[0.3617,-0.1322,0.6076,-0.6946]
DATA:QUAT_DATA: SEQ:71,S0:[0.5632,0.3576,0.6243,-0.4064],S1:[0.5126,0.4080,0.6143,-0.4399],S2:[0.7021,0.2061,0.6412,-0.2310],S3:[0.5664,0.3625,0.6914,-0.2641],S4:[0.9703,-0.2374,0.0425,0.0217],S5:[0.9109,0.3326,0.2119,0.1214],S6:[0.4031,0.1504,-0.1758,-0.8854],S7:[0.3616,-0.1324,0.6080,-0.6943]
DATA:QUAT_DATA: SEQ:72,S0:[0.5632,0.3576,0.6243,-0.4064],S1:[0.5127,0.4078,0.6144,-0.4397],S2:[0.7021,0.2061,0.6412,-0.2310],S3:[0.5663,0.3625,0.6913,-0.2642],S4:[0.9702,-0.2376,0.0432,0.0216],S5:[0.9108,0.3329,0.2122,0.1207],S6:[0.4027,0.1505,-0.1757,-0.8856],S7:[0.3615,-0.1323,0.6080,-0.6944]
DATA:QUAT_DATA: SEQ:73,S0:[0.5632,0.3576,0.6243,-0.4064],S1:[0.5127,0.4078,0.6144,-0.4398],S2:[0.7021,0.2061,0.6412,-0.2310],S3:[0.5662,0.3627,0.6913,-0.2645],S4:[0.9704,-0.2364,0.0441,0.0213],S5:[0.9107,0.3333,0.2125,0.1202],S6:[0.4025,0.1505,-0.1756,-0.8857],S7:[0.3613,-0.1321,0.6080,-0.6945]
DATA:QUAT_DATA: SEQ:74,S0:[0.5632,0.3576,0.6243,-0.4064],S1:[0.5126,0.4079,0.6143,-0.4398],S2:[0.7021,0.2061,0.6412,-0.2310],S3:[0.5663,0.3626,0.6913,-0.2643],S4:[0.9705,-0.2360,0.0444,0.0212],S5:[0.9108,0.3331,0.2125,0.1201],S6:[0.4019,0.1501,-0.1752,-0.8861],S7:[0.3610,-0.1321,0.6087,-0.6940]
DATA:QUAT_DATA: SEQ:75,S0:[0.5632,0.3576,0.6243,-0.4064],S1:[0.5126,0.4078,0.6143,-0.4398],S2:[0.7021,0.2061,0.6412,-0.2310],S3:[0.5663,0.3627,0.6913,-0.2643],S4:[0.9706,-0.2354,0.0446,0.0210],S5:[0.9105,0.3339,0.2127,0.1199],S6:[0.4014,0.1495,-0.1749,-0.8865],S7:[0.3605,-0.1325,0.6089,-0.6941]
DATA:QUAT_DATA: SEQ:76,S0:[0.5632,0.3576,0.6243,-0.4064],S1:[0.5126,0.4078,0.6143,-0.4398],S2:[0.7021,0.2061,0.6412,-0.2310],S3:[0.5663,0.3626,0.6913,-0.2643],S4:[0.9708,-0.2349,0.0450,0.0209],S5:[0.9101,0.3349,0.2129,0.1194],S6:[0.4011,0.1494,-0.1747,-0.8867],S7:[0.3599,-0.1324,0.6096,-0.6938]
DATA:QUAT_DATA: SEQ:77,S0:[0.5632,0.3576,0.6243,-0.4064],S1:[0.5126,0.4078,0.6143,-0.4398],S2:[0.7021,0.2061,0.6412,-0.2310],S3:[0.5664,0.3625,0.6914,-0.2641],S4:[0.9708,-0.2347,0.0454,0.0204],S5:[0.9099,0.3355,0.2132,0.1190],S6:[0.4011,0.1493,-0.1744,-0.8868],S7:[0.3599,-0.1326,0.6104,-0.6931]
DATA:QUAT_DATA: SEQ:78,S0:[0.5632,0.3576,0.6243,-0.4064],S1:[0.5126,0.4078,0.6143,-0.4398],S2:[0.7021,0.2061,0.6412,-0.2310],S3:[0.5662,0.3629,0.6912,-0.2646],S4:[0.9708,-0.2344,0.0463,0.0199],S5:[0.9096,0.3360,0.2137,0.1183],S6:[0.4012,0.1492,-0.1740,-0.8868],S7:[0.3599,-0.1328,0.6109,-0.6926]
DATA:QUAT_DATA: SEQ:79,S0:[0.5632,0.3576,0.6243,-0.4064],S1:[0.5126,0.4078,0.6143,-0.4398],S2:[0.7021,0.2061,0.6412,-0.2311],S3:[0.5660,0.3630,0.6912,-0.2646],S4:[0.9709,-0.2341,0.0470,0.0200],S5:[0.9092,0.3370,0.2142,0.1179],S6:[0.4015,0.1494,-0.1729,-0.8869],S7:[0.3601,-0.1329,0.6117,-0.6917]
DATA:QUAT_DATA: SEQ:80,S0:[0.5632,0.3576,0.6243,-0.4064],S1:[0.5126,0.4079,0.6143,-0.4399],S2:[0.7021,0.2061,0.6412,-0.2311],S3:[0.5660,0.3630,0.6913,-0.2646],S4:[0.9712,-0.2325,0.0479,0.0203],S5:[0.9088,0.3377,0.2148,0.1179],S6:[0.4017,0.1494,-0.1718,-0.8871],S7:[0.3602,-0.1329,0.6127,-0.6907]
DATA:QUAT_DATA: SEQ:81,S0:[0.5632,0.3576,0.6243,-0.4064],S1:[0.5126,0.4079,0.6143,-0.4399],S2:[0.7021,0.2060,0.6413,-0.2310],S3:[0.5660,0.3630,0.6913,-0.2646],S4:[0.9713,-0.2322,0.0479,0.0208],S5:[0.9086,0.3381,0.2151,0.1180],S6:[0.4015,0.1492,-0.1711,-0.8873],S7:[0.3599,-0.1328,0.6131,-0.6906]
DATA:QUAT_DATA: SEQ:82,S0:[0.5632,0.3576,0.6243,-0.4064],S1:[0.5126,0.4079,0.6143,-0.4399],S2:[0.7021,0.2060,0.6413,-0.2310],S3:[0.5659,0.3634,0.6909,-0.2654],S4:[0.9714,-0.2313,0.0480,0.0213],S5:[0.9084,0.3383,0.2150,0.1185],S6:[0.4012,0.1491,-0.1706,-0.8875],S7:[0.3599,-0.1331,0.6135,-0.6902]
DATA:QUAT_DATA: SEQ:83,S0:[0.5632,0.3576,0.6243,-0.4064],S1:[0.5126,0.4079,0.6143,-0.4399],S2:[0.7021,0.2059,0.6414,-0.2309],S3:[0.5663,0.3629,0.6910,-0.2648],S4:[0.9716,-0.2310,0.0478,0.0217],S5:[0.9081,0.3392,0.2149,0.1188],S6:[0.4013,0.1489,-0.1698,-0.8876],S7:[0.3598,-0.1334,0.6141,-0.6896]
DATA:QUAT_DATA: SEQ:84,S0:[0.5632,0.3576,0.6243,-0.4064],S1:[0.5127,0.4079,0.6143,-0.4399],S2:[0.7021,0.2059,0.6414,-0.2309],S3:[0.5663,0.3629,0.6909,-0.2649],S4:[0.9717,-0.2305,0.0476,0.0215],S5:[0.9078,0.3398,0.2148,0.1190],S6:[0.4014,0.1486,-0.1692,-0.8878],S7:[0.3599,-0.1337,0.6152,-0.6886]
DATA:QUAT_DATA: SEQ:85,S0:[0.5632,0.3576,0.6243,-0.4064],S1:[0.5127,0.4078,0.6142,-0.4399],S2:[0.7021,0.2059,0.6414,-0.2309],S3:[0.5663,0.3630,0.6907,-0.2652],S4:[0.9718,-0.2299,0.0475,0.0212],S5:[0.9075,0.3408,0.2150,0.1188],S6:[0.4016,0.1483,-0.1684,-0.8879],S7:[0.3597,-0.1340,0.6158,-0.6880]
DATA:QUAT_DATA: SEQ:86,S0:[0.5632,0.3576,0.6243,-0.4064],S1:[0.5127,0.4078,0.6142,-0.4399],S2:[0.7021,0.2059,0.6414,-0.2309],S3:[0.5663,0.3630,0.6907,-0.2652],S4:[0.9720,-0.2289,0.0475,0.0212],S5:[0.9073,0.3414,0.2150,0.1188],S6:[0.4017,0.1478,-0.1673,-0.8881],S7:[0.3596,-0.1345,0.6165,-0.6874]
DATA:QUAT_DATA: SEQ:87,S0:[0.5632,0.3576,0.6243,-0.4064],S1:[0.5129,0.4077,0.6143,-0.4398],S2:[0.7021,0.2059,0.6414,-0.2309],S3:[0.5664,0.3630,0.6907,-0.2651],S4:[0.9724,-0.2277,0.0478,0.0208],S5:[0.9070,0.3421,0.2151,0.1187],S6:[0.4016,0.1473,-0.1660,-0.8885],S7:[0.3595,-0.1346,0.6182,-0.6859]

DATA:QUAT_DATA: SEQ:88,S0:[0.5632,0.3576,0.6243,-0.4064],S1:[0.5129,0.4077,0.6143,-0.4398],S2:[0.7021,0.2059,0.6414,-0.2309],S3:[0.5663,0.3631,0.6907,-0.2653],S4:[0.9725,-0.2271,0.0480,0.0203],S5:[0.9065,0.3434,0.2153,0.1182],S6:[0.4005,0.1469,-0.1640,-0.8895],S7:[0.3594,-0.1349,0.6195,-0.6847]
DATA:QUAT_DATA: SEQ:89,S0:[0.5632,0.3576,0.6243,-0.4064],S1:[0.5130,0.4075,0.6145,-0.4396],S2:[0.7021,0.2059,0.6414,-0.2309],S3:[0.5663,0.3631,0.6907,-0.2653],S4:[0.9726,-0.2266,0.0484,0.0196],S5:[0.9063,0.3440,0.2156,0.1181],S6:[0.3991,0.1462,-0.1616,-0.8906],S7:[0.3593,-0.1351,0.6197,-0.6846]
DATA:QUAT_DATA: SEQ:90,S0:[0.5632,0.3576,0.6243,-0.4064],S1:[0.5130,0.4075,0.6145,-0.4396],S2:[0.7021,0.2059,0.6414,-0.2309],S3:[0.5664,0.3630,0.6907,-0.2651],S4:[0.9727,-0.2260,0.0487,0.0195],S5:[0.9059,0.3447,0.2157,0.1179],S6:[0.3970,0.1458,-0.1600,-0.8920],S7:[0.3591,-0.1353,0.6199,-0.6844]
DATA:QUAT_DATA: SEQ:91,S0:[0.5632,0.3576,0.6243,-0.4064],S1:[0.5129,0.4076,0.6146,-0.4395],S2:[0.7021,0.2059,0.6414,-0.2309],S3:[0.5665,0.3629,0.6908,-0.2650],S4:[0.9728,-0.2256,0.0489,0.0195],S5:[0.9061,0.3442,0.2156,0.1180],S6:[0.3937,0.1450,-0.1573,-0.8940],S7:[0.3589,-0.1360,0.6214,-0.6830]
DATA:QUAT_DATA: SEQ:92,S0:[0.5632,0.3576,0.6243,-0.4064],S1:[0.5129,0.4075,0.6148,-0.4392],S2:[0.7021,0.2059,0.6414,-0.2309],S3:[0.5663,0.3630,0.6907,-0.2652],S4:[0.9727,-0.2260,0.0487,0.0195],S5:[0.9060,0.3446,0.2156,0.1179],S6:[0.3893,0.1437,-0.1547,-0.8966],S7:[0.3577,-0.1362,0.6201,-0.6848]
DATA:QUAT_DATA: SEQ:93,S0:[0.5631,0.3576,0.6243,-0.4064],S1:[0.5128,0.4076,0.6149,-0.4391],S2:[0.7021,0.2059,0.6414,-0.2308],S3:[0.5665,0.3629,0.6908,-0.2650],S4:[0.9727,-0.2260,0.0486,0.0195],S5:[0.9062,0.3442,0.2156,0.1180],S6:[0.3848,0.1428,-0.1532,-0.8989],S7:[0.3571,-0.1370,0.6206,-0.6845]
DATA:QUAT_DATA: SEQ:94,S0:[0.5630,0.3577,0.6245,-0.4064],S1:[0.5128,0.4076,0.6149,-0.4391],S2:[0.7021,0.2057,0.6415,-0.2307],S3:[0.5665,0.3629,0.6908,-0.2650],S4:[0.9725,-0.2270,0.0484,0.0198],S5:[0.9064,0.3435,0.2156,0.1180],S6:[0.3811,0.1419,-0.1514,-0.9009],S7:[0.3561,-0.1376,0.6211,-0.6845]
DATA:QUAT_DATA: SEQ:95,S0:[0.5629,0.3577,0.6245,-0.4063],S1:[0.5127,0.4077,0.6149,-0.4392],S2:[0.7021,0.2057,0.6415,-0.2307],S3:[0.5665,0.3627,0.6909,-0.2648],S4:[0.9725,-0.2270,0.0486,0.0198],S5:[0.9063,0.3436,0.2161,0.1182],S6:[0.3786,0.1409,-0.1503,-0.9023],S7:[0.3545,-0.1382,0.6223,-0.6841]
DATA:QUAT_DATA: SEQ:96,S0:[0.5629,0.3577,0.6245,-0.4063],S1:[0.5126,0.4077,0.6151,-0.4390],S2:[0.7021,0.2057,0.6415,-0.2307],S3:[0.5665,0.3628,0.6909,-0.2649],S4:[0.9725,-0.2269,0.0488,0.0203],S5:[0.9063,0.3434,0.2162,0.1182],S6:[0.3752,0.1396,-0.1496,-0.9041],S7:[0.3535,-0.1387,0.6242,-0.6827]
DATA:QUAT_DATA: SEQ:97,S0:[0.5629,0.3577,0.6245,-0.4063],S1:[0.5125,0.4077,0.6152,-0.4389],S2:[0.7021,0.2058,0.6415,-0.2307],S3:[0.5665,0.3628,0.6909,-0.2649],S4:[0.9724,-0.2270,0.0490,0.0212],S5:[0.9066,0.3425,0.2163,0.1185],S6:[0.3713,0.1385,-0.1489,-0.9059],S7:[0.3521,-0.1382,0.6236,-0.6841]
DATA:QUAT_DATA: SEQ:98,S0:[0.5629,0.3577,0.6245,-0.4063],S1:[0.5120,0.4078,0.6155,-0.4389],S2:[0.7021,0.2059,0.6415,-0.2308],S3:[0.5665,0.3627,0.6909,-0.2648],S4:[0.9724,-0.2270,0.0490,0.0214],S5:[0.9063,0.3433,0.2164,0.1183],S6:[0.3684,0.1382,-0.1489,-0.9072],S7:[0.3512,-0.1377,0.6226,-0.6857]
DATA:QUAT_DATA: SEQ:99,S0:[0.5629,0.3577,0.6245,-0.4063],S1:[0.5119,0.4078,0.6157,-0.4388],S2:[0.7020,0.2059,0.6414,-0.2308],S3:[0.5665,0.3627,0.6909,-0.2648],S4:[0.9725,-0.2267,0.0494,0.0212],S5:[0.9065,0.3430,0.2162,0.1181],S6:[0.3667,0.1387,-0.1503,-0.9076],S7:[0.3508,-0.1372,0.6218,-0.6866]
DATA:QUAT_DATA: SEQ:100,S0:[0.5629,0.3577,0.6245,-0.4063],S1:[0.5117,0.4077,0.6159,-0.4388],S2:[0.7020,0.2061,0.6414,-0.2310],S3:[0.5665,0.3627,0.6909,-0.2648],S4:[0.9725,-0.2269,0.0497,0.0204],S5:[0.9067,0.3427,0.2160,0.1174],S6:[0.3666,0.1385,-0.1517,-0.9074],S7:[0.3504,-0.1374,0.6224,-0.6863]
DATA:QUAT_DATA: SEQ:101,S0:[0.5629,0.3577,0.6245,-0.4063],S1:[0.5114,0.4077,0.6161,-0.4388],S2:[0.7019,0.2064,0.6413,-0.2312],S3:[0.5664,0.3629,0.6909,-0.2649],S4:[0.9725,-0.2267,0.0499,0.0190],S5:[0.9064,0.3437,0.2162,0.1163],S6:[0.3671,0.1384,-0.1528,-0.9070],S7:[0.3502,-0.1373,0.6215,-0.6872]
DATA:QUAT_DATA: SEQ:102,S0:[0.5629,0.3578,0.6245,-0.4064],S1:[0.5110,0.4078,0.6162,-0.4390],S2:[0.7018,0.2067,0.6412,-0.2315],S3:[0.5663,0.3629,0.6910,-0.2648],S4:[0.9724,-0.2271,0.0499,0.0182],S5:[0.9067,0.3430,0.2162,0.1158],S6:[0.3676,0.1381,-0.1535,-0.9068],S7:[0.3502,-0.1376,0.6216,-0.6871]
DATA:QUAT_DATA: SEQ:103,S0:[0.5628,0.3579,0.6245,-0.4065],S1:[0.5109,0.4079,0.6163,-0.4390],S2:[0.7018,0.2068,0.6411,-0.2317],S3:[0.5662,0.3630,0.6910,-0.2649],S4:[0.9724,-0.2272,0.0502,0.0181],S5:[0.9070,0.3424,0.2163,0.1155],S6:[0.3679,0.1381,-0.1538,-0.9066],S7:[0.3503,-0.1381,0.6216,-0.6868]
DATA:QUAT_DATA: SEQ:104,S0:[0.5628,0.3579,0.6245,-0.4065],S1:[0.5107,0.4078,0.6165,-0.4390],S2:[0.7018,0.2068,0.6411,-0.2317],S3:[0.5662,0.3630,0.6910,-0.2649],S4:[0.9722,-0.2278,0.0504,0.0184],S5:[0.9072,0.3419,0.2166,0.1154],S6:[0.3680,0.1382,-0.1543,-0.9064],S7:[0.3502,-0.1379,0.6212,-0.6874]
DATA:QUAT_DATA: SEQ:105,S0:[0.5628,0.3579,0.6245,-0.4065],S1:[0.5107,0.4078,0.6166,-0.4390],S2:[0.7018,0.2068,0.6411,-0.2317],S3:[0.5662,0.3629,0.6911,-0.2648],S4:[0.9721,-0.2283,0.0506,0.0192],S5:[0.9074,0.3408,0.2169,0.1158],S6:[0.3682,0.1384,-0.1547,-0.9063],S7:[0.3503,-0.1378,0.6208,-0.6877]
DATA:QUAT_DATA: SEQ:106,S0:[0.5628,0.3579,0.6245,-0.4065],S1:[0.5105,0.4078,0.6168,-0.4390],S2:[0.7018,0.2068,0.6411,-0.2317],S3:[0.5663,0.3627,0.6912,-0.2645],S4:[0.9719,-0.2292,0.0508,0.0201],S5:[0.9075,0.3401,0.2176,0.1162],S6:[0.3683,0.1385,-0.1553,-0.9061],S7:[0.3504,-0.1377,0.6201,-0.6883]
DATA:QUAT_DATA: SEQ:107,S0:[0.5628,0.3579,0.6245,-0.4065],S1:[0.5104,0.4077,0.6170,-0.4388],S2:[0.7018,0.2068,0.6411,-0.2317],S3:[0.5663,0.3627,0.6912,-0.2645],S4:[0.9716,-0.2299,0.0512,0.0216],S5:[0.9078,0.3389,0.2177,0.1168],S6:[0.3685,0.1387,-0.1558,-0.9059],S7:[0.3507,-0.1377,0.6199,-0.6883]
DATA:QUAT_DATA: SEQ:108,S0:[0.5628,0.3579,0.6245,-0.4065],S1:[0.5104,0.4076,0.6172,-0.4387],S2:[0.7018,0.2068,0.6411,-0.2317],S3:[0.5664,0.3627,0.6912,-0.2645],S4:[0.9715,-0.2302,0.0513,0.0226],S5:[0.9077,0.3387,0.2182,0.1171],S6:[0.3689,0.1386,-0.1559,-0.9058],S7:[0.3508,-0.1378,0.6201,-0.6881]
DATA:QUAT_DATA: SEQ:109,S0:[0.5628,0.3579,0.6245,-0.4065],S1:[0.5102,0.4075,0.6174,-0.4387],S2:[0.7018,0.2068,0.6411,-0.2317],S3:[0.5665,0.3624,0.6913,-0.2642],S4:[0.9716,-0.2300,0.0513,0.0232],S5:[0.9076,0.3387,0.2184,0.1176],S6:[0.3689,0.1387,-0.1558,-0.9058],S7:[0.3511,-0.1378,0.6200,-0.6880]